Date|Book|Security|Delta|TdyPnL|BODPnL|TdingPnL|DivPnL|LastPx|PrevCLS|Position|BODPos|Bought|BuyPx|Sold|SellPx|Multiplier|SecType|Curncy|YTDPnL|MTDPnL|WTDPnL
20190417|MSEUR|AFX GY|118380.444|337.527749999996|16.946999999999|320.580749999997|0|80.6|80.55|1300|300|1000|80.31625|0|0|1|EQUITY|EUR|4562.39050999997|4562.39050999997|4562.39050999997
20190417|MSEUR|ALC SW|0|0|0|0|0|57.85|56.3|0|0|0|0|0|0|1|EQUITY|CHF|22308.0728505001|22308.0728505001|22308.0728505001
20190417|MSEUR|AZN LN|0|0|-0|0|0|5914|6015|0|0|0|0|0|0|1|EQUITY|GBp|-919.232414999996|-919.232414999996|-919.232414999996
20190417|MSEUR|BAER SW|0|0|0|0|0|47.04|46.2|0|0|0|0|0|0|1|EQUITY|CHF|-1455.81229999999|-1455.81229999999|-1455.81229999999
20190417|MSEUR|BNP FP|0|0|0|0|0|48.44|47.66|0|0|0|0|0|0|1|EQUITY|EUR|172.0306|172.0306|172.0306
20190417|MSEUR|CLNX SQ|577790.475696|-440.893151999991|-440.893151999991|0|0|26.21|26.23|19512|19512|0|0|0|0|1|EQUITY|EUR|600.419854121245|600.419854121245|600.419854121245
20190417|MSEUR|DRLCO DC|0|0|0|0|0|512|506|0|0|0|0|0|0|1|EQUITY|DKK|-34047.4499999997|-34047.4499999997|-34047.4499999997
20190417|MSEUR|ETL FP|18291.462|310.695000000002|310.695000000002|0|0|16.19|15.915|1000|1000|0|0|0|0|1|EQUITY|EUR|1820.90109500002|1820.90109500002|1820.90109500002
20190417|MSEUR|EVR LN|130856.4|1799.52000000001|1799.52000000001|0|0|669|659.8|15000|15000|0|0|0|0|1|EQUITY|GBp|21362.2797924234|21362.2797924234|21362.2797924234
20190417|MSEUR|FBK IM|615673.212|0|0|0|0|12.385|12.385|44000|44000|0|0|0|0|1|EQUITY|EUR|33109.7283669999|33109.7283669999|33109.7283669999
20190417|MSEUR|GFS LN|6266.362872|10.6980160000002|10.6980160000002|0|0|234.3|233.9|2051|2051|0|0|0|0|1|EQUITY|GBp|5088.18104600997|5088.18104600997|5088.18104600997
20190417|MSEUR|GSRPEMEL|-396738.96|-136.939999999931|-0|-136.939999999931|0|1209.57|1212.07|-328|0|0|0|328|1209.1525|1|EQUITY||-1369.39999999931|-1369.39999999931|-1369.39999999931
20190417|MSEUR|GSRPEMES|400338.48|304.559999999979|0|304.559999999979|0|1064.73|1058.03|376|0|376|1063.92|0|0|1|EQUITY||3045.59999999979|3045.59999999979|3045.59999999979
20190417|MSEUR|HLMA LN|83631.15328|-4264.6016|-4264.6016|4.03781175162266E-12|0|1739|1756.5|3688|18688|0|0|15000|17.39|1|EQUITY|GBp|-30650.2481592092|-30650.2481592092|-30650.2481592092
20190417|MSEUR|HMSO LN|0|0|-0|0|0|329.5|336.1|0|0|0|0|0|0|1|EQUITY|GBp|2180.50250218203|2180.50250218203|2180.50250218203
20190417|MSEUR|JD/.LN|77196.8|629.253024000003|0|629.253024000003|0|592|576.6|10000|0|10000|5.8717444|0|0|1|EQUITY|GBp|6292.53024000003|6292.53024000003|6292.53024000003
20190417|MSEUR|KBX GY|111115.83|1299.26999999999|1299.26999999999|0|0|98.35|97.2|1000|1000|0|0|0|0|1|EQUITY|EUR|40246.2443622248|40246.2443622248|40246.2443622248
20190417|MSEUR|NOVN SW|0|0|-0|0|0|78.74|80.86|0|0|0|0|0|0|1|EQUITY|CHF|-1223.583144|-1223.583144|-1223.583144
20190417|MSEUR|OCDO LN|84050.624|-420.25312|-420.25312|0|0|1400|1407|4604|4604|0|0|0|0|1|EQUITY|GBp|-19968.1688054406|-19968.1688054406|-19968.1688054406
20190417|MSEUR|ORP FP|408083.76|-25524.3828504|-25476.99|-47.3928504000056|0|103.2|107.3|3500|5500|1000|103.241948|3000|103.2|1|EQUITY|EUR|-256076.798937878|-256076.798937878|-256076.798937878
20190417|MSEUR|OSR GY|0|0|0|0|0|32.91|32.79|0|0|0|0|0|0|1|EQUITY|EUR|1655.58246255988|1655.58246255988|1655.58246255988
20190417|MSEUR|PSM GY|-17766.093702|-3716.13126822001|-3286.26055800002|-429.870710219984|-0|14.71|14.52|-1069|-15309|14240|14.736719375|0|0|1|EQUITY|EUR|-88821.636255391|-88821.636255391|-88821.636255391
20190417|MSEUR|RMG LN|-31916.80832|330.427079999999|330.427079999999|0|-0|260.8|263.5|-9385|-9385|0|0|0|0|1|EQUITY|GBp|5956.83978569996|5956.83978569996|5956.83978569996
20190417|MSEUR|RTO LN|477904.789512|129.83015200003|129.83015200003|0|0|368.1|368|99563|99563|0|0|0|0|1|EQUITY|GBp|33799.8414931732|33799.8414931732|33799.8414931732
20190417|MSEUR|RXL FP|-39532.995621|-4185.91918175767|-3389.40000000005|-796.519181757624|-0|11.335|11.26|-3087|-40000|36913|11.3540992065668|0|0|1|EQUITY|EUR|-58362.2695351267|-58362.2695351267|-58362.2695351267
20190417|MSEUR|VOD LN|187.41088|1.46048000000001|1.46048000000001|0|0|143.72|142.6|100|100|0|0|0|0|1|EQUITY|GBp|15.5750780000001|15.5750780000001|15.5750780000001
20190417|MSEUR|CAM9|-170317.35|-2203.11|-2203.11|0|0|100.5|99.2|-30|-30|0|0|0|0|50|INDEX|EUR|-31511.865|-31511.865|-31511.865
20190417|MSEUR|ESM9|0|0|-0|0|0|2904.25|2911.5|0|0|0|0|0|0|50|INDEX|USD|-12.5|-12.5|-12.5
20190417|MSEUR|FESBM9|0|0|0|0|0|0|0|0|0|0|0|0|0|10|INDEX||0|0|0
20190417|MSEUR|VGM9|-115578.54|-542.304|-542.304|0|0|3410|3394|-3|-3|0|0|0|0|10|INDEX|EUR|-20594.063|-20594.063|-20594.063
20190417|MSEUR|WQM9|-344306.55|847.349999999992|847.349999999992|0|0|243.8|244.4|-25|-25|0|0|0|0|50|INDEX|EUR|7796.14499999994|7796.14499999994|7796.14499999994
20190417|MSEUR|Z M9|-1063392.44|143.44|143.44|0|0|7413.5|7414.5|-11|-11|0|0|0|0|10|INDEX|GBP|-15597.7540000001|-15597.7540000001|-15597.7540000001
20190417|MSSAR|EEM US|0|0|0|0|0|44.65|44.46|0|0|0|0|0|0|1|EQUITY|USD|-10699.0499999998|-10699.0499999998|-10699.0499999998
20190417|MSSAR|MSAU LN|10112550|34649.9999999998|34649.9999999998|0|0|24.0775|23.995|420000|420000|0|0|0|0|1|EQUITY|USD|549558.727537049|549558.727537049|549558.727537049
20190417|MSSAR|MSAU US|0|0|0|0|0|0|0|0|0|0|0|0|0|1|EQUITY|USD|0|0|0
20190417|MSSAR|VWO US|-440000|-1499.99999999999|-1499.99999999999|0|-0|44|43.85|-10000|-10000|0|0|0|0|1|EQUITY|USD|-18408.4999999999|-18408.4999999999|-18408.4999999999
20190417|MSSAR|ESM9|-1742550|4350|4350|0|0|2904.25|2911.5|-12|-12|0|0|0|0|50|INDEX|USD|30762.5|30762.5|30762.5
20190417|MSSAR|MESM9|-1925525|-9799.99999999984|-9799.99999999984|0|0|1100.3|1094.7|-35|-35|0|0|0|0|50|INDEX|USD|-113729.999999999|-113729.999999999|-113729.999999999
20190417|FTRUS|ACER US|45541.92|-3014.64|-3014.64|0|0|24.02|25.61|1896|1896|0|0|0|0|1|EQUITY|USD|-26155.12|-26155.12|-26155.12
20190417|FTRUS|ACRX US|46099.2|-137.200000000003|-137.200000000003|0|0|3.36|3.37|13720|13720|0|0|0|0|1|EQUITY|USD|-4486.96100000003|-4486.96100000003|-4486.96100000003
20190417|FTRUS|ADXS US|0|0|-0|0|0|3.2879|3.45|0|0|0|0|0|0|1|EQUITY|USD|-24474.5131|-24474.5131|-24474.5131
20190417|FTRUS|AFIN US|114784.4247|-4024.4853|-4024.4853|0|0|9.4777|9.81|12111|12111|0|0|0|0|1|EQUITY|USD|-47237.47763|-47237.47763|-47237.47763
20190417|FTRUS|AKTS US|37942.1|-679.560000000001|-679.560000000001|0|0|6.7|6.82|5663|5663|0|0|0|0|1|EQUITY|USD|-3652.77030000003|-3652.77030000003|-3652.77030000003
20190417|FTRUS|ALOT US|29328.225|40.2150000000002|40.2150000000002|0|0|25.525|25.49|1149|1149|0|0|0|0|1|EQUITY|USD|2889.6104|2889.6104|2889.6104
20190417|FTRUS|ALTM US|88139.955|-81.3849999999983|-81.3849999999983|0|0|5.415|5.42|16277|16277|0|0|0|0|1|EQUITY|USD|-7965.43999999996|-7965.43999999996|-7965.43999999996
20190417|FTRUS|AMSC US|38220.12|-790.080000000001|-790.080000000001|0|0|11.61|11.85|3292|3292|0|0|0|0|1|EQUITY|USD|-10502.5686|-10502.5686|-10502.5686
20190417|FTRUS|AMTB US|28395.9|157.95|157.95|0|0|16.18|16.09|1755|1755|0|0|0|0|1|EQUITY|USD|695.639999999998|695.639999999998|695.639999999998
20190417|FTRUS|APPN US|216733|-402.600000000015|-402.600000000015|0|0|32.3|32.36|6710|6710|0|0|0|0|1|EQUITY|USD|-16222.9410000001|-16222.9410000001|-16222.9410000001
20190417|FTRUS|APPS US|46881.17|-1074.64|-1074.64|0|0|3.49|3.57|13433|13433|0|0|0|0|1|EQUITY|USD|-12081.1151|-12081.1151|-12081.1151
20190417|FTRUS|APYX US|828.8|13.44|13.44|0|0|3.7|3.64|224|224|0|0|0|0|1|EQUITY|USD|-14810.7762|-14810.7762|-14810.7762
20190417|FTRUS|AQMS US|0|0|-0|0|0|2.68|2.79|0|0|0|0|0|0|1|EQUITY|USD|-187.241100000006|-187.241100000006|-187.241100000006
20190417|FTRUS|ARES US|228482.65|-2125.42000000002|-2125.42000000002|0|0|23.65|23.87|9661|9661|0|0|0|0|1|EQUITY|USD|-20872.4050000002|-20872.4050000002|-20872.4050000002
20190417|FTRUS|AVCO US|63420.2442|3419.7642|3419.7642|0|0|4.8199|4.56|13158|13158|0|0|0|0|1|EQUITY|USD|19955.1596|19955.1596|19955.1596
20190417|FTRUS|AVDR US|41165.075|-1608.425|-1608.425|0|0|11.645|12.1|3535|3535|0|0|0|0|1|EQUITY|USD|-13516.08|-13516.08|-13516.08
20190417|FTRUS|AVXL US|0|0|0|0|0|2.8561|2.84|0|0|0|0|0|0|1|EQUITY|USD|-3220.07940000001|-3220.07940000001|-3220.07940000001
20190417|FTRUS|AXSM US|71789.368|-1895.432|-1895.432|0|0|15.0818|15.48|4760|4760|0|0|0|0|1|EQUITY|USD|-10519|-10519|-10519
20190417|FTRUS|BAND US|231520.28|-2090.01999999997|-2090.01999999997|0|0|68.68|69.3|3371|3371|0|0|0|0|1|EQUITY|USD|-16260.3764999998|-16260.3764999998|-16260.3764999998
20190417|FTRUS|BDSI US|60000.48|-3815.82|-3815.82|0|0|4.56|4.85|13158|13158|0|0|0|0|1|EQUITY|USD|-41681.4144|-41681.4144|-41681.4144
20190417|FTRUS|BLFS US|59951.805|-4501.565|-4501.565|0|0|15.915|17.11|3767|3767|0|0|0|0|1|EQUITY|USD|-47371.32|-47371.32|-47371.32
20190417|FTRUS|BPI US|0|0|0|0|-0|0|0|0|0|0|0|0|0|1|EQUITY|USD|4181.59|4181.59|4181.59
20190417|FTRUS|BRID US|14117.76|-126.719999999999|-126.719999999999|0|0|24.51|24.73|576|576|0|0|0|0|1|EQUITY|USD|-796.044799999995|-796.044799999995|-796.044799999995
20190417|FTRUS|BTAI US|32266.56|-694.260000000003|-694.260000000003|0|0|9.76|9.97|3306|3306|0|0|0|0|1|EQUITY|USD|-7559.43620000002|-7559.43620000002|-7559.43620000002
20190417|FTRUS|CATS US|44722.1136|-3095.4864|-3095.4864|0|0|12.7196|13.6|3516|3516|0|0|0|0|1|EQUITY|USD|-32906.784|-32906.784|-32906.784
20190417|FTRUS|CBAN US|0|0|-0|0|0|16.75|17.12|0|0|0|0|0|0|1|EQUITY|USD|-78.9874|-78.9874|-78.9874
20190417|FTRUS|CERC US|40470.59|-715.589999999999|-715.589999999999|0|0|5.09|5.18|7951|7951|0|0|0|0|1|EQUITY|USD|-12471.895|-12471.895|-12471.895
20190417|FTRUS|CFMS US|33501.6|-124.079999999997|-124.079999999997|0|0|2.7|2.71|12408|12408|0|0|0|0|1|EQUITY|USD|-4988.28499999997|-4988.28499999997|-4988.28499999997
20190417|FTRUS|CHAP US|46690|2012.5|2012.5|0|0|5.8|5.55|8050|8050|0|0|0|0|1|EQUITY|USD|17884.14|17884.14|17884.14
20190417|FTRUS|CHMA US|33747.84|-468.72|-468.72|0|0|5.76|5.84|5859|5859|0|0|0|0|1|EQUITY|USD|194.214999999997|194.214999999997|194.214999999997
20190417|FTRUS|CLCT US|34913.1114|-367.788599999997|-367.788599999997|0|0|17.7134|17.9|1971|1971|0|0|0|0|1|EQUITY|USD|-3896.83599999998|-3896.83599999998|-3896.83599999998
20190417|FTRUS|CRK US|82504.68|-1729.14000000001|-1729.14000000001|0|0|6.68|6.82|12351|12351|0|0|0|0|1|EQUITY|USD|-18349.6896000001|-18349.6896000001|-18349.6896000001
20190417|FTRUS|CRMD US|42716.2|298.020000000002|298.020000000002|0|0|8.6|8.54|4967|4967|0|0|0|0|1|EQUITY|USD|-6074.72969999997|-6074.72969999997|-6074.72969999997
20190417|FTRUS|CTRC US|16248.945|-382.564999999999|-382.564999999999|0|0|4.035|4.13|4027|4027|0|0|0|0|1|EQUITY|USD|-4606.55589999999|-4606.55589999999|-4606.55589999999
20190417|FTRUS|CVRS US|82985.54|-397.060000000009|-397.060000000009|0|0|2.09|2.1|39706|39706|0|0|0|0|1|EQUITY|USD|7808.62999999991|7808.62999999991|7808.62999999991
20190417|FTRUS|CZWI US|0|0|0|0|0|12.23|12.23|0|0|0|0|0|0|1|EQUITY|USD|-3.40000000000008|-3.40000000000008|-3.40000000000008
20190417|FTRUS|DLA US|30510.384|29.1940000000027|29.1940000000027|0|0|22.992|22.97|1327|1327|0|0|0|0|1|EQUITY|USD|-1134.52499999997|-1134.52499999997|-1134.52499999997
20190417|FTRUS|DLPH US|432856.6|2159.29999999998|2159.29999999998|0|0|26.06|25.93|16610|16610|0|0|0|0|1|EQUITY|USD|82427.7049999999|82427.7049999999|82427.7049999999
20190417|FTRUS|DNBF US|20839.9|27.1000000000023|27.1000000000023|0|0|38.45|38.4|542|542|0|0|0|0|1|EQUITY|USD|-172.084999999976|-172.084999999976|-172.084999999976
20190417|FTRUS|DSPG US|71990.16|439.559999999999|439.559999999999|0|0|14.74|14.65|4884|4884|0|0|0|0|1|EQUITY|USD|2609.96999999998|2609.96999999998|2609.96999999998
20190417|FTRUS|EARN US|0|0|-0|0|0|11.73|11.74|0|0|0|0|0|0|1|EQUITY|USD|-223.595000000002|-223.595000000002|-223.595000000002
20190417|FTRUS|EGY US|0|0|0|0|0|2.5|2.46|0|0|0|0|0|0|1|EQUITY|USD|614.624400000011|614.624400000011|614.624400000011
20190417|FTRUS|EIGR US|43174.32|-2652.8|-2652.8|0|0|13.02|13.82|3316|3316|0|0|0|0|1|EQUITY|USD|-29980.6272|-29980.6272|-29980.6272
20190417|FTRUS|EKSO US|31391.9178|-2497.2422|-2497.2422|0|0|2.2602|2.44|13889|13889|0|0|0|0|1|EQUITY|USD|-25838.937|-25838.937|-25838.937
20190417|FTRUS|ETON US|2812.5|1.50000000000001|62.0000000000001|-60.5|0|7.5|7.42|375|775|0|0|400|7.34875|1|EQUITY|USD|-812.904999999998|-812.904999999998|-812.904999999998
20190417|FTRUS|EXPI US|50459.49|858.67|858.67|0|0|9.99|9.82|5051|5051|0|0|0|0|1|EQUITY|USD|7578.89500000001|7578.89500000001|7578.89500000001
20190417|FTRUS|EYPT US|29555.4|-1716.12|-1716.12|0|0|1.55|1.64|19068|19068|0|0|0|0|1|EQUITY|USD|-21242.78|-21242.78|-21242.78
20190417|FTRUS|FCAP US|9055.83|-103.53|-103.53|0|0|52.045|52.64|174|174|0|0|0|0|1|EQUITY|USD|-1037.89|-1037.89|-1037.89
20190417|FTRUS|FNCB US|33937.2|171.4|171.4|0|0|7.92|7.88|4285|4285|0|0|0|0|1|EQUITY|USD|1499.035|1499.035|1499.035
20190417|FTRUS|GALT US|37797.3044|-2807.7356|-2807.7356|0|0|4.0399|4.34|9356|9356|0|0|0|0|1|EQUITY|USD|-36290.602|-36290.602|-36290.602
20190417|FTRUS|GEOS US|35328.96|380.700000000001|380.700000000001|0|0|13.92|13.77|2538|2538|0|0|0|0|1|EQUITY|USD|6954.39180000001|6954.39180000001|6954.39180000001
20190417|FTRUS|GIFI US|0|0|-0|0|0|8.35|8.66|0|0|0|0|0|0|1|EQUITY|USD|-1337.54|-1337.54|-1337.54
20190417|FTRUS|GNE US|43484.76|521.399999999998|521.399999999998|0|0|8.34|8.24|5214|5214|0|0|0|0|1|EQUITY|USD|3500.26600000002|3500.26600000002|3500.26600000002
20190417|FTRUS|GSIT US|13385.05|258.85|258.85|0|0|8.015|7.86|1670|1670|0|0|0|0|1|EQUITY|USD|2497.83|2497.83|2497.83
20190417|FTRUS|GWGH US|21356.8|-263.200000000001|-263.200000000001|0|0|11.36|11.5|1880|1880|0|0|0|0|1|EQUITY|USD|-4440.13000000001|-4440.13000000001|-4440.13000000001
20190417|FTRUS|HFBC US|8376.75|-71.5000000000003|-73.5000000000003|1.99999999999996|0|19.71|19.85|425|525|0|0|100|19.73|1|EQUITY|USD|-746.175000000001|-746.175000000001|-746.175000000001
20190417|FTRUS|HIL US|17377.08|-63.4199999999987|-63.4199999999987|0|0|2.74|2.75|6342|6342|0|0|0|0|1|EQUITY|USD|-265.049999999984|-265.049999999984|-265.049999999984
20190417|FTRUS|HNGR US|111030|-5250|-5250|0|0|18.505|19.38|6000|6000|0|0|0|0|1|EQUITY|USD|-51213.76|-51213.76|-51213.76
20190417|FTRUS|HWBK US|5050.35|-139.4|-107.900000000001|-31.4999999999998|0|23.49|23.75|215|415|0|0|200|23.3325|1|EQUITY|USD|-1747.103|-1747.103|-1747.103
20190417|FTRUS|IDEX US|40828.86|658.530000000001|658.530000000001|0|0|1.86|1.83|21951|21951|0|0|0|0|1|EQUITY|USD|1858.2855|1858.2855|1858.2855
20190417|FTRUS|IDT US|35891.7768|-400.303200000003|-400.303200000003|0|0|6.9129|6.99|5192|5192|0|0|0|0|1|EQUITY|USD|-2916.72200000002|-2916.72200000002|-2916.72200000002
20190417|FTRUS|IGV US|0|0|-0|0|0|211.76|213.76|0|0|0|0|0|0|1|EQUITY|USD|-35.7400004940431|-35.7400004940431|-35.7400004940431
20190417|FTRUS|IMXI US|66158.19|386.890000000002|386.890000000002|0|0|11.97|11.9|5527|5527|0|0|0|0|1|EQUITY|USD|4190.75500000005|4190.75500000005|4190.75500000005
20190417|FTRUS|INS US|76390.93|-43.5399999999913|-43.5399999999913|0|0|35.09|35.11|2177|2177|0|0|0|0|1|EQUITY|USD|-3665.5720999999|-3665.5720999999|-3665.5720999999
20190417|FTRUS|INSE US|10475.91|-45.0900000000004|-45.0900000000004|0|0|6.97|7|1503|1503|0|0|0|0|1|EQUITY|USD|-374.460000000004|-374.460000000004|-374.460000000004
20190417|FTRUS|INSG US|63657.27|-2705.79000000001|-2705.79000000001|0|0|4.47|4.66|14241|14241|0|0|0|0|1|EQUITY|USD|-26211.0379000001|-26211.0379000001|-26211.0379000001
20190417|FTRUS|IVAC US|0|0|-0|0|0|4.905|4.91|0|0|0|0|0|0|1|EQUITY|USD|-3660.8|-3660.8|-3660.8
20190417|FTRUS|IWM US|0|0|-0|0|0|155.67|157.54|0|0|0|0|0|0|1|EQUITY|USD|-28163.1800000005|-28163.1800000005|-28163.1800000005
20190417|FTRUS|IWO UP|0|0|-0|0|0|197.63|201.09|0|0|0|0|0|0|1|EQUITY|USD|5800.00000000013|5800.00000000013|5800.00000000013
20190417|FTRUS|IWO US|-909052|15962|15962|0|-0|197.62|201.09|-4600|-4600|0|0|0|0|1|EQUITY|USD|147219.68|147219.68|147219.68
20190417|FTRUS|JYNT US|52438.2|-1908|-1908|0|0|16.49|17.09|3180|3180|0|0|0|0|1|EQUITY|USD|-13949.166|-13949.166|-13949.166
20190417|FTRUS|KALV US|60207.47|-870.119999999999|-870.119999999999|0|0|24.91|25.27|2417|2417|0|0|0|0|1|EQUITY|USD|-12551.545|-12551.545|-12551.545
20190417|FTRUS|KLDO US|70728.24|2457.18|2457.18|0|0|14.68|14.17|4818|4818|0|0|0|0|1|EQUITY|USD|25326.107|25326.107|25326.107
20190417|FTRUS|KRYS US|67687.43|-1737.89000000001|-1737.89000000001|0|0|29.99|30.76|2257|2257|0|0|0|0|1|EQUITY|USD|-20462.9530000001|-20462.9530000001|-20462.9530000001
20190417|FTRUS|LEE US|32004.5|-581.900000000002|-581.900000000002|0|0|3.025|3.08|10580|10580|0|0|0|0|1|EQUITY|USD|-7871.63750000001|-7871.63750000001|-7871.63750000001
20190417|FTRUS|LFVN US|33762.83|-1346.84|-1346.84|0|0|11.03|11.47|3061|3061|0|0|0|0|1|EQUITY|USD|-19459.515|-19459.515|-19459.515
20190417|FTRUS|MCHX US|36714.1284|-67.0715999999974|-67.0715999999974|0|0|5.0907|5.1|7212|7212|0|0|0|0|1|EQUITY|USD|1884.69400000003|1884.69400000003|1884.69400000003
20190417|FTRUS|MEIP US|42141.75|-2565.15|-2565.15|0|0|2.875|3.05|14658|14658|0|0|0|0|1|EQUITY|USD|-26966.945|-26966.945|-26966.945
20190417|FTRUS|MFIN US|34390.8|-147.599999999997|-147.599999999997|0|0|6.99|7.02|4920|4920|0|0|0|0|1|EQUITY|USD|-1209.52799999997|-1209.52799999997|-1209.52799999997
20190417|FTRUS|MFNC US|13083.84|0|0|0|0|15.84|15.84|826|826|0|0|0|0|1|EQUITY|USD|345.809999999999|345.809999999999|345.809999999999
20190417|FTRUS|MGY US|250985.28|3527.15999999999|3527.15999999999|0|0|13.52|13.33|18564|18564|0|0|0|0|1|EQUITY|USD|48046.2099999999|48046.2099999999|48046.2099999999
20190417|FTRUS|MLND US|48484.8|-279.72|-279.72|0|0|15.6|15.69|3108|3108|0|0|0|0|1|EQUITY|USD|-6345.20999999999|-6345.20999999999|-6345.20999999999
20190417|FTRUS|MMAC US|33954.2|121.107000000001|121.107000000001|0|0|30.7|30.5905|1106|1106|0|0|0|0|1|EQUITY|USD|-862.433999999993|-862.433999999993|-862.433999999993
20190417|FTRUS|MRKR US|67424.83|-1099.67999999999|-1940.38|840.700000000005|0|5.41|5.67|12463|7463|5000|5.24186|0|0|1|EQUITY|USD|-18848.3740999999|-18848.3740999999|-18848.3740999999
20190417|FTRUS|MSON US|29343.68|-976.98|-976.98|0|0|17.12|17.69|1714|1714|0|0|0|0|1|EQUITY|USD|-11640.1986|-11640.1986|-11640.1986
20190417|FTRUS|MTUM US|0|0|-0|0|0|111.39|112.36|0|0|0|0|0|0|1|EQUITY|USD|-1672.9999999999|-1672.9999999999|-1672.9999999999
20190417|FTRUS|NBEV US|66982.52|-388.680000000003|-388.680000000003|0|0|5.17|5.2|12956|12956|0|0|0|0|1|EQUITY|USD|3381.02099999996|3381.02099999996|3381.02099999996
20190417|FTRUS|OCX US|46628.5167|-2481.7833|-2481.7833|0|0|4.0827|4.3|11421|11421|0|0|0|0|1|EQUITY|USD|-27544.203|-27544.203|-27544.203
20190417|FTRUS|OPRX US|0|0|0|0|0|11.99|11.95|0|0|0|0|0|0|1|EQUITY|USD|531.914400000008|531.914400000008|531.914400000008
20190417|FTRUS|ORGO US|46911.6|-298.800000000004|-298.800000000004|0|0|7.85|7.9|5976|5976|0|0|0|0|1|EQUITY|USD|-2753.68000000003|-2753.68000000003|-2753.68000000003
20190417|FTRUS|OSIR US|0|0|0|0|0|18.99|18.99|0|0|0|0|0|0|1|EQUITY|USD|2.00000000000138|2.00000000000138|2.00000000000138
20190417|FTRUS|PANL US|611.78|-18.6199999999999|-7.62000000000001|-10.9999999999999|0|3.38|3.4|181|381|0|0|200|3.325|1|EQUITY|USD|-213.403099999999|-213.403099999999|-213.403099999999
20190417|FTRUS|PCMI US|53769.64|-3219.63|-3219.63|0|0|29.56|31.33|1819|1819|0|0|0|0|1|EQUITY|USD|-43393.605|-43393.605|-43393.605
20190417|FTRUS|PED US|2421|-168.5|-144|-24.5|0|2.69|2.75|900|2400|0|0|1500|2.67366666666667|1|EQUITY|USD|-1397.2045|-1397.2045|-1397.2045
20190417|FTRUS|PHAS US|144790.6968|-5893.3032|-5893.3032|0|0|13.9329|14.5|10392|10392|0|0|0|0|1|EQUITY|USD|-45989.804|-45989.804|-45989.804
20190417|FTRUS|PROV US|10015.25|489.849999999999|489.849999999999|0|0|20.65|19.64|485|485|0|0|0|0|1|EQUITY|USD|3910.29499999999|3910.29499999999|3910.29499999999
20190417|FTRUS|PTGX US|37863.345|-566.214999999998|-566.214999999998|0|0|10.365|10.52|3653|3653|0|0|0|0|1|EQUITY|USD|-10215.475|-10215.475|-10215.475
20190417|FTRUS|PXLW US|39102.96|-1640.08|-1640.08|0|0|4.53|4.72|8632|8632|0|0|0|0|1|EQUITY|USD|-10117.44|-10117.44|-10117.44
20190417|FTRUS|RBKB US|9277.65|-116.6|-119.6|3.00000000000011|0|11.67|11.75|795|1495|0|0|700|11.6742857142857|1|EQUITY|USD|-1774.01999999999|-1774.01999999999|-1774.01999999999
20190417|FTRUS|RFL US|40728.48|333.840000000003|333.840000000003|0|0|14.64|14.52|2782|2782|0|0|0|0|1|EQUITY|USD|8150.87000000003|8150.87000000003|8150.87000000003
20190417|FTRUS|ROAN US|47739.84|-4174.56|-4174.56|0|0|4.46|4.85|10704|10704|0|0|0|0|1|EQUITY|USD|-52309.2064|-52309.2064|-52309.2064
20190417|FTRUS|RUBI US|68726.25|1564.50000000001|1564.50000000001|0|0|6.15|6.01|11175|11175|0|0|0|0|1|EQUITY|USD|14367.9475|14367.9475|14367.9475
20190417|FTRUS|SCOR US|73438.425|-416.475000000006|-416.475000000006|0|0|13.225|13.3|5553|5553|0|0|0|0|1|EQUITY|USD|-7714.43500000006|-7714.43500000006|-7714.43500000006
20190417|FTRUS|SDI US|28835.1|0|0|0|0|17.91|17.91|1610|1610|0|0|0|0|1|EQUITY|USD|-65.606|-65.606|-65.606
20190417|FTRUS|SDRL US|122615.01|-2428.02|-2428.02|0|0|9.09|9.27|13489|13489|0|0|0|0|1|EQUITY|USD|-15023.34|-15023.34|-15023.34
20190417|FTRUS|SHSP US|41341.23|261.239999999994|261.239999999994|0|0|18.99|18.87|2177|2177|0|0|0|0|1|EQUITY|USD|6712.76279999993|6712.76279999993|6712.76279999993
20190417|FTRUS|SIC US|65584.71|618.470000000001|618.470000000001|0|0|12.195|12.08|5378|5378|0|0|0|0|1|EQUITY|USD|4325.22000000001|4325.22000000001|4325.22000000001
20190417|FTRUS|SNCR US|43477.72|608.080000000001|608.080000000001|0|0|5.72|5.64|7601|7601|0|0|0|0|1|EQUITY|USD|3232.80079999998|3232.80079999998|3232.80079999998
20190417|FTRUS|SRT US|26878.87|147.08|147.08|0|0|7.31|7.27|3677|3677|0|0|0|0|1|EQUITY|USD|-927.772299999999|-927.772299999999|-927.772299999999
20190417|FTRUS|STKL US|62471.43|-1160.46|-1160.46|0|0|3.23|3.29|19341|19341|0|0|0|0|1|EQUITY|USD|-20048.795|-20048.795|-20048.795
20190417|FTRUS|SWAV US|106026.25|-245.350000000001|-245.350000000001|0|0|30.25|30.32|3505|3505|0|0|0|0|1|EQUITY|USD|-9780.98500000002|-9780.98500000002|-9780.98500000002
20190417|FTRUS|TCRR US|56677.38|-1324.68000000001|-1324.68000000001|0|0|17.97|18.39|3154|3154|0|0|0|0|1|EQUITY|USD|-7018.74000000004|-7018.74000000004|-7018.74000000004
20190417|FTRUS|TESS US|42979.7016|403.6516|403.6516|0|0|19.6344|19.45|2189|2189|0|0|0|0|1|EQUITY|USD|10323.2604|10323.2604|10323.2604
20190417|FTRUS|TEUM US|100106.4888|3750.80880000001|3750.80880000001|0|0|3.9687|3.82|25224|25224|0|0|0|0|1|EQUITY|USD|20358.5160000001|20358.5160000001|20358.5160000001
20190417|FTRUS|TPNL US|72715.28|6175.57999999999|6175.57999999999|0|0|8.36|7.65|8698|8698|0|0|0|0|1|EQUITY|USD|55560.1699999999|55560.1699999999|55560.1699999999
20190417|FTRUS|TRCB US|0|0|0|0|0|15.355|15.29|0|0|0|0|0|0|1|EQUITY|USD|128.9888|128.9888|128.9888
20190417|FTRUS|TRNS US|35862.75|519.749999999997|519.749999999997|0|0|24.15|23.8|1485|1485|0|0|0|0|1|EQUITY|USD|6719.89499999997|6719.89499999997|6719.89499999997
20190417|FTRUS|TRVN US|0|0|-0|0|0|1.52|1.53|0|0|0|0|0|0|1|EQUITY|USD|-1557.711|-1557.711|-1557.711
20190417|FTRUS|ULBI US|43645.8636|202.393599999999|202.393599999999|0|0|11.0412|10.99|3953|3953|0|0|0|0|1|EQUITY|USD|4773.42599999999|4773.42599999999|4773.42599999999
20190417|FTRUS|UROV US|37125|-2250|-2250|0|0|8.25|8.75|4500|4500|0|0|0|0|1|EQUITY|USD|-31022.15|-31022.15|-31022.15
20190417|FTRUS|USWS US|51480|-1372.8|-1372.8|0|0|7.5|7.7|6864|6864|0|0|0|0|1|EQUITY|USD|-16972.91|-16972.91|-16972.91
20190417|FTRUS|VBIV US|37088.64|-451.199999999998|-451.199999999998|0|0|2.055|2.08|18048|18048|0|0|0|0|1|EQUITY|USD|-2061.99239999998|-2061.99239999998|-2061.99239999998
20190417|FTRUS|VGT UP|0|0|0|0|0|210.03|209.26|0|0|0|0|0|0|1|EQUITY|USD|-3279.99999999997|-3279.99999999997|-3279.99999999997
20190417|FTRUS|VGT US|-839940|-2900.00000000009|-2900.00000000009|0|-0|209.985|209.26|-4000|-4000|0|0|0|0|1|EQUITY|USD|-39440.0000000007|-39440.0000000007|-39440.0000000007
20190417|FTRUS|VNCE US|0|0|0|0|0|12.57|12.24|0|0|0|0|0|0|1|EQUITY|USD|-1001.45|-1001.45|-1001.45
20190417|FTRUS|VRRM US|116697.38|-341.719999999993|-341.719999999993|0|0|13.66|13.7|8543|8543|0|0|0|0|1|EQUITY|USD|7285.35000000008|7285.35000000008|7285.35000000008
20190417|FTRUS|VSI US|31402.68|705.149999999997|705.149999999997|0|0|6.68|6.53|4701|4701|0|0|0|0|1|EQUITY|USD|3779.35499999997|3779.35499999997|3779.35499999997
20190417|FTRUS|WRTC US|46745.4|1198.6|1198.6|0|0|7.8|7.6|5993|5993|0|0|0|0|1|EQUITY|USD|12317.53|12317.53|12317.53
20190417|FTRUS|WTRH US|105652.58|1782.77|1782.77|0|0|11.26|11.07|9383|9383|0|0|0|0|1|EQUITY|USD|9069.98999999997|9069.98999999997|9069.98999999997
20190417|FTRUS|XBI US|-676960|34959.9999999999|34959.9999999999|0|-0|84.62|88.99|-8000|-8000|0|0|0|0|1|EQUITY|USD|324271.189999999|324271.189999999|324271.189999999
20190417|FTRUS|XBIT US|53790.58|-1377.64|-1377.64|0|0|8.59|8.81|6262|6262|0|0|0|0|1|EQUITY|USD|-24898.1346|-24898.1346|-24898.1346
20190417|FTRUS|XES UP|0|0|-0|0|0|12.2|12.23|0|0|0|0|0|0|1|EQUITY|USD|-19638.0000000001|-19638.0000000001|-19638.0000000001
20190417|FTRUS|XES US|-528260|1299.00000000005|1299.00000000005|0|-0|12.2|12.23|-43300|-43300|0|0|0|0|1|EQUITY|USD|2657.05000000049|2657.05000000049|2657.05000000049
20190417|FTRUS|XONE US|0|0|0|0|0|8.74|8.69|0|0|0|0|0|0|1|EQUITY|USD|-1551.40779999997|-1551.40779999997|-1551.40779999997
20190417|FTRUS|XOP US|-323050|-349.999999999966|-349.999999999966|0|-0|32.305|32.27|-10000|-10000|0|0|0|0|1|EQUITY|USD|-7512.69999999966|-7512.69999999966|-7512.69999999966
20190417|FTRUS|YGYI US|37146.77|-1765.66|-1765.66|0|0|5.47|5.73|6791|6791|0|0|0|0|1|EQUITY|USD|-19066.5850000001|-19066.5850000001|-19066.5850000001
20190417|FTRUS|ZUO US|240459.24|615.300000000009|615.300000000009|0|0|19.54|19.49|12306|12306|0|0|0|0|1|EQUITY|USD|-1879.78339999984|-1879.78339999984|-1879.78339999984
20190417|FTRUS|ZVO US|31565.44|-1226.36|-1226.36|0|0|5.92|6.15|5332|5332|0|0|0|0|1|EQUITY|USD|-13543.28|-13543.28|-13543.28
20190417|FTRUS|ESM9|-1161700|2900|2900|0|0|2904.25|2911.5|-8|-8|0|0|0|0|50|INDEX|USD|21987.5|21987.5|21987.5
20190417|FTRUS|RTYM9|-2117340|24839.9999999998|24839.9999999998|0|0|1568.4|1586.8|-27|-27|0|0|0|0|50|INDEX|USD|195139.999999999|195139.999999999|195139.999999999
20190417|FTRUS|GSRPEMUL|-493986.24|5990.05560000001|-0|5990.05560000001|0|1327.92|1343.57|-372|0|0|0|372|1344.0223|1|EQUITY||59900.5560000001|59900.5560000001|59900.5560000001
20190417|FTRUS|GSRPEMUS|497352.52|-4652.33580000005|-0|-4652.33580000005|0|1164.76|1171.09|427|0|427|1175.6554|0|0|1|EQUITY||-46523.3580000005|-46523.3580000005|-46523.3580000005
20190417|MSUSC|ATUS US|116625|-1025.00000000001|-1025.00000000001|0|0|23.325|23.53|5000|5000|0|0|0|0|1|EQUITY|USD|-3251.72000000015|-3251.72000000015|-3251.72000000015
20190417|MSUSC|DOCU US|0|0|-0|0|0|53.5|55.21|0|0|0|0|0|0|1|EQUITY|USD|4287.51999811998|4287.51999811998|4287.51999811998
20190417|MSUSC|ELS UN|0|0|-0|0|0|112.15|112.31|0|0|0|0|0|0|1|EQUITY|USD|-1811.55000000002|-1811.55000000002|-1811.55000000002
20190417|MSUSC|ELS US|312562.05|-445.919999999991|-445.919999999991|0|0|112.15|112.31|2787|2787|0|0|0|0|1|EQUITY|USD|-17794.9949999999|-17794.9949999999|-17794.9949999999
20190417|MSUSC|ERIE US|0|0|-0|0|0|178.85|180.4|0|0|0|0|0|0|1|EQUITY|USD|3554.42000000003|3554.42000000003|3554.42000000003
20190417|MSUSC|ERIE UW|0|0|-0|0|0|178.85|180.4|0|0|0|0|0|0|1|EQUITY|USD|-5353.50000000003|-5353.50000000003|-5353.50000000003
20190417|MSUSC|EXAS UR|0|0|-0|0|0|91.5|95.21|0|0|0|0|0|0|1|EQUITY|USD|631.39000028404|631.39000028404|631.39000028404
20190417|MSUSC|FDS UN|0|0|-0|0|0|258.72|263.52|0|0|0|0|0|0|1|EQUITY|USD|1312.37999999999|1312.37999999999|1312.37999999999
20190417|MSUSC|FDS US|107110.08|-1987.19999999998|-1987.19999999998|0|0|258.72|263.52|414|414|0|0|0|0|1|EQUITY|USD|-17319.6899999998|-17319.6899999998|-17319.6899999998
20190417|MSUSC|HEI UN|0|0|-0|0|0|98.88|100.22|0|0|0|0|0|0|1|EQUITY|USD|-613.800000000021|-613.800000000021|-613.800000000021
20190417|MSUSC|HEI US|137839.95|-1966.95|-1966.95|0|0|98.81|100.22|1395|1395|0|0|0|0|1|EQUITY|USD|-17320.041|-17320.041|-17320.041
20190417|MSUSC|HEI/A.UN|0|0|-0|0|0|84.73|85.75|0|0|0|0|0|0|1|EQUITY|USD|-2016.96|-2016.96|-2016.96
20190417|MSUSC|HEI/A.US|64764.28|-748.720000000003|-748.720000000003|0|0|84.77|85.75|764|764|0|0|0|0|1|EQUITY|USD|-6990.06520000004|-6990.06520000004|-6990.06520000004
20190417|MSUSC|IGV US|0|0|-0|0|0|211.76|213.76|0|0|0|0|0|0|1|EQUITY|USD|379202.24|379202.24|379202.24
20190417|MSUSC|IONS US|0|0|-0|0|0|71.02|83.28|0|0|0|0|0|0|1|EQUITY|USD|-3439.14000000001|-3439.14000000001|-3439.14000000001
20190417|MSUSC|IONS UW|0|0|-0|0|0|71.02|83.28|0|0|0|0|0|0|1|EQUITY|USD|5012.70000000002|5012.70000000002|5012.70000000002
20190417|MSUSC|IWO UP|0|0|-0|0|0|197.63|201.09|0|0|0|0|0|0|1|EQUITY|USD|1989700|1989700|1989700
20190417|MSUSC|MDB US|0|0|-0|0|0|132.35|138.14|0|0|0|0|0|0|1|EQUITY|USD|-4880.62399983999|-4880.62399983999|-4880.62399983999
20190417|MSUSC|MTUM US|-1002510|8729.99999999999|8729.99999999999|0|-0|111.39|112.36|-9000|-9000|0|0|0|0|1|EQUITY|USD|90895.8799990001|90895.8799990001|90895.8799990001
20190417|MSUSC|OKTA US|0|0|-0|0|0|92.145|94.22|0|0|0|0|0|0|1|EQUITY|USD|2925.304701419|2925.304701419|2925.304701419
20190417|MSUSC|PAYC UN|0|0|-0|0|0|187.24|188.89|0|0|0|0|0|0|1|EQUITY|USD|-12032.54000055|-12032.54000055|-12032.54000055
20190417|MSUSC|PDP US|-87143.826|687.654000000005|687.654000000005|0|-0|57.407|57.86|-1518|-1518|0|0|0|0|1|EQUITY|USD|5902.97720000003|5902.97720000003|5902.97720000003
20190417|MSUSC|PKI UN|0|0|-0|0|0|93.26|96.98|0|0|0|0|0|0|1|EQUITY|USD|6619.34000000003|6619.34000000003|6619.34000000003
20190417|MSUSC|PKI US|0|0|-0|0|0|93.22|96.98|0|0|0|0|0|0|1|EQUITY|USD|4008.13999999992|4008.13999999992|4008.13999999992
20190417|MSUSC|SNAP UN|0|0|-0|0|0|11.575|11.69|0|0|0|0|0|0|1|EQUITY|USD|1813.09499598601|1813.09499598601|1813.09499598601
20190417|MSUSC|STE UN|0|0|-0|0|0|120.22|125.2|0|0|0|0|0|0|1|EQUITY|USD|-2726.16|-2726.16|-2726.16
20190417|MSUSC|STE US|110773.275|-4535.925|-4535.925|0|0|120.275|125.2|921|921|0|0|0|0|1|EQUITY|USD|-44355.36|-44355.36|-44355.36
20190417|MSUSC|SUI UN|0|0|0|0|0|116.76|116.56|0|0|0|0|0|0|1|EQUITY|USD|-4290.95999999999|-4290.95999999999|-4290.95999999999
20190417|MSUSC|SUI US|329712.285|663.404999999998|663.404999999998|0|0|116.795|116.56|2823|2823|0|0|0|0|1|EQUITY|USD|-6323.52000000001|-6323.52000000001|-6323.52000000001
20190417|MSUSC|TWLO UN|0|0|-0|0|0|123.16|126.56|0|0|0|0|0|0|1|EQUITY|USD|-30309.740001255|-30309.740001255|-30309.740001255
20190417|MSUSC|TWLO US|0|0|-0|0|0|123.17|126.56|0|0|0|0|0|0|1|EQUITY|USD|56.999999999998|56.999999999998|56.999999999998
20190417|MSUSC|UBNT UW|0|0|-0|0|0|166.87|171.07|0|0|0|0|0|0|1|EQUITY|USD|1062.360000009|1062.360000009|1062.360000009
20190417|MSUSC|ULTI UW|0|0|-0|0|0|330.31|330.4|0|0|0|0|0|0|1|EQUITY|USD|-50.770000212961|-50.770000212961|-50.770000212961
20190417|MSUSC|VGT UP|0|0|0|0|0|210.03|209.26|0|0|0|0|0|0|1|EQUITY|USD|-10490.0000000001|-10490.0000000001|-10490.0000000001
20190417|MSUSC|VGT US|0|0|0|0|0|209.985|209.26|0|0|0|0|0|0|1|EQUITY|USD|4608.96999999992|4608.96999999992|4608.96999999992
20190417|MSUSC|VHT UP|0|0|-0|0|0|160.91|166.49|0|0|0|0|0|0|1|EQUITY|USD|-189.999999999969|-189.999999999969|-189.999999999969
20190417|MSUSC|VHT US|0|0|-0|0|0|160.9|166.49|0|0|0|0|0|0|1|EQUITY|USD|-288.999999999987|-288.999999999987|-288.999999999987
20190417|MSUSC|ZBRA US|405660.58|-6314.81000000001|-6314.81000000001|0|0|230.62|234.21|1759|1759|0|0|0|0|1|EQUITY|USD|-44414.7500000001|-44414.7500000001|-44414.7500000001
20190417|MSUSC|ZBRA UW|0|0|-0|0|0|230.64|234.21|0|0|0|0|0|0|1|EQUITY|USD|10888.21|10888.21|10888.21
20190417|MSUSC|ESM9|0|0|-0|0|0|2904.25|2911.5|0|0|0|0|0|0|50|INDEX|USD|-5875|-5875|-5875
20190417|MSUSC|NQM9|0|0|0|0|0|7700|7679.5|0|0|0|0|0|0|20|INDEX|USD|-3519.99999999998|-3519.99999999998|-3519.99999999998
20190417|MSUSC|RTYM9|-392100|4599.99999999997|4599.99999999997|0|0|1568.4|1586.8|-5|-5|0|0|0|0|50|INDEX|USD|44664.9999999996|44664.9999999996|44664.9999999996
20190417|MSEME|ARGT US|19600|112|112|0|0|28|27.84|700|700|0|0|0|0|1|EQUITY|USD|1526|1526|1526